18.5893497467041 6.79446220397949
41.618	10.879
38.827	22.025
33.973	32.103
27.315	40.572
19.211	46.977
10.096	50.975
0	52.418
-10.096	50.975
-19.211	46.977
-27.315	40.572
-33.973	32.103
-38.827	22.025
-41.618	10.879
-18.5893497467041 6.79446220397949
-35.8156280517578  3.78461527824402
-32.662	-0.095573
-31.539	-8.4469
-11.537	-15.938
11.537	-15.938
31.539	-8.4469
32.662	-0.095573
35.8156280517578  3.78461527824402
37.712345123291  6.10893487930298
41.618	10.879
-37.712345123291  6.10893487930298
-41.618	10.879