-33.009391784668    14.9580402374268
-35.6911888122559   15.7629899978638
-34.9724807739258   18.15744972229
-32.2906799316406   17.3525009155273
-24.4494094848633   28.3737506866455
-26.4869403839111   30.2942790985107
-24.7721691131592   32.1135101318359
-22.73464012146     30.1929702758789
-10.788519859314    36.5367393493652
-11.750470161438    39.1663208007812
-9.40263080596924   40.0251998901367
-8.44068813323975   37.3956184387207
8.44068813323975    37.3956184387207
9.40263080596924    40.0251998901367
11.750470161438     39.1663208007812
10.788519859314     36.5367393493652
22.73464012146     30.1929702758789
24.7721691131592   32.1135101318359
26.4869403839111   30.2942790985107
24.4494094848633   28.3737506866455
32.2906799316406   17.3525009155273
34.9724807739258   18.15744972229
35.6911888122559   15.7629899978638
33.009391784668    14.9580402374268
-16.9595794677734   10.372540473938
-22.9909992218018   13.1568202972412
-21.9342594146729   15.4220104217529
-15.3697700500488   12.3019199371338
-9.54841899871826   17.2863006591797
-11.9769802093506   24.3673191070557
-9.61301326751709   25.1806297302246
-7.20639610290527   18.1624794006348
7.20639610290527   18.1624794006348
9.61301326751709   25.1806297302246
11.9769802093506   24.3673191070557
9.54841899871826   17.2863006591797
15.3697700500488   12.3019199371338
21.9342594146729   15.4220104217529
22.9909992218018   13.1568202972412
16.9595794677734   10.372540473938